Sira	Kod	Nota53	NotaAE	Koma53	KomaAE	Pay	Payda	Ms	LNS	Bas	Soz1
1	9	Do5	C5	318	318	1	12	167	95	96	ARANAĞME 
2	9	Si4b2	B4b1	312	313	1	12	167	95	96	.
3	9	La4	A4	305	305	1	12	167	95	96	.
4	9	Sol4	G4	296	296	1	12	167	95	96	.
5	9	Fa4#3	F4#4	290	291	1	12	167	95	96	.
6	9	Mi4	E4	283	283	1	12	167	95	96	.
7	9	Re4	D4	274	274	1	4	500	95	96	.
8	9	Sol4	G4	296	296	1	8	250	95	96	.
9	9	Fa4#3	F4#4	290	291	1	8	250	95	96	.
10	9	Sol4	G4	296	296	1	8	250	95	96	.
11	9	La4	A4	305	305	3	4	1500	95	96	.
12	9	Sol4	G4	296	296	1	8	250	95	96	.
13	9	La4	A4	305	305	1	8	250	95	96	.
14	9	Si4b2	B4b1	312	313	1	8	250	95	96	.
15	9	Do5	C5	318	318	3	4	1500	95	96	.
16	9	Si4b2	B4b1	312	313	1	8	250	95	96	.
17	9	La4	A4	305	305	1	8	250	95	96	.
18	9	Sol4	G4	296	296	1	8	250	95	96	.
19	9	Re5	D5	327	327	3	4	1500	95	96	.
20	9	Do5	C5	318	318	1	8	250	95	96	.
21	9	Si4b2	B4b1	312	313	1	8	250	95	96	.
22	9	La4	A4	305	305	1	8	250	95	96	.
23	9	Si4b2	B4b1	312	313	1	16	125	95	96	.
24	9	Do5	C5	318	318	1	16	125	95	96	.
25	9	Si4b2	B4b1	312	313	1	16	125	95	96	.
26	9	La4	A4	305	305	1	16	125	95	96	.
27	9	Si4b2	B4b1	312	313	1	8	250	95	96	.
28	9	Do5	C5	318	318	1	8	250	95	96	.
29	9	Si4b2	B4b1	312	313	1	8	250	95	96	.
30	9	La4	A4	305	305	1	8	250	95	96	.
31	9	Sol4	G4	296	296	1	8	250	95	96	.
32	9	Fa4#3	F4#4	290	291	1	8	250	95	96	.
33	9	Sol4	G4	296	296	1	8	250	95	96	.
34	9	La4	A4	305	305	3	8	750	95	96	.
35	9	Do5	C5	318	318	1	8	250	95	96	.
36	9	Si4b2	B4b1	312	313	1	8	250	95	96	.
37	9	Do5	C5	318	318	1	8	250	95	96	.
38	9	La4	A4	305	305	3	8	750	67	96	.  
39	9	Do5	C5	318	318	1	12	167	95	96	ARANAĞME 
40	9	Si4b2	B4b1	312	313	1	12	167	95	96	.
41	9	La4	A4	305	305	1	12	167	95	96	.
42	9	Sol4	G4	296	296	1	12	167	95	96	.
43	9	Fa4#3	F4#4	290	291	1	12	167	95	96	.
44	9	Mi4	E4	283	283	1	12	167	95	96	.
45	9	Re4	D4	274	274	1	4	500	95	96	.
46	9	Sol4	G4	296	296	1	8	250	95	96	.
47	9	Fa4#3	F4#4	290	291	1	8	250	95	96	.
48	9	Sol4	G4	296	296	1	8	250	95	96	.
49	9	La4	A4	305	305	3	4	1500	95	96	.
50	9	Sol4	G4	296	296	1	8	250	95	96	.
51	9	La4	A4	305	305	1	8	250	95	96	.
52	9	Si4b2	B4b1	312	313	1	8	250	95	96	.
53	9	Do5	C5	318	318	3	4	1500	95	96	.
54	9	Si4b2	B4b1	312	313	1	8	250	95	96	.
55	9	La4	A4	305	305	1	8	250	95	96	.
56	9	Sol4	G4	296	296	1	8	250	95	96	.
57	9	Re5	D5	327	327	3	4	1500	95	96	.
58	9	Do5	C5	318	318	1	8	250	95	96	.
59	9	Si4b2	B4b1	312	313	1	8	250	95	96	.
60	9	La4	A4	305	305	1	8	250	95	96	.
61	9	Si4b2	B4b1	312	313	1	16	125	95	96	.
62	9	Do5	C5	318	318	1	16	125	95	96	.
63	9	Si4b2	B4b1	312	313	1	16	125	95	96	.
64	9	La4	A4	305	305	1	16	125	95	96	.
65	9	Si4b2	B4b1	312	313	1	8	250	95	96	.
66	9	Do5	C5	318	318	1	8	250	95	96	.
67	9	Si4b2	B4b1	312	313	1	8	250	95	96	.
68	9	La4	A4	305	305	1	8	250	95	96	.
69	9	Sol4	G4	296	296	1	8	250	95	96	.
70	9	Fa4#3	F4#4	290	291	1	8	250	95	96	.
71	9	Sol4	G4	296	296	1	8	250	95	96	.
72	9	La4	A4	305	305	3	8	750	95	96	.
73	9	Do5	C5	318	318	1	8	250	95	96	.
74	9	Si4b2	B4b1	312	313	1	8	250	95	96	.
75	9	Do5	C5	318	318	1	8	250	95	96	.
76	9	La4	A4	305	305	3	8	750	67	96	.  
77	9	Sol4	G4	296	296	1	8	250	95	96	Bu 
78	9	Sol4	G4	296	296	1	4	500	99	96	ak
79	9	La4	A4	305	305	1	8	250	95	96	
80	9	La4	A4	305	305	1	4	500	95	96	şam 
81	9	La4	A4	305	305	3	8	750	95	96	gün 
82	9	La4	A4	305	305	1	8	250	95	96	ba
83	9	Do5	C5	318	318	1	8	250	99	96	tar
84	9	Si4b2	B4b1	312	313	1	8	250	99	96	
85	9	La4	A4	305	305	1	8	250	95	96	
86	9	La4	A4	305	305	1	16	125	99	96	ken 
87	9	Sol4	G4	296	296	1	16	125	95	96	
88	9	La4	A4	305	305	1	16	125	99	96	gel  
89	9	Si4b2	B4b1	312	313	1	16	125	99	96	
90	9	La4	A4	305	305	1	16	125	99	96	
91	9	Sol4	G4	296	296	1	16	125	99	96	
92	9	Fa4#3	F4#4	290	291	1	16	125	99	96	
93	9	Mi4	E4	283	283	1	16	125	99	96	
94	9	Re4	D4	274	274	1	8	250	95	96	
95	9	Sol4	G4	296	296	1	8	250	95	96	Bu 
96	9	Sol4	G4	296	296	1	4	500	99	96	ak
97	9	La4	A4	305	305	1	8	250	95	96	
98	9	La4	A4	305	305	1	4	500	95	96	şam 
99	9	La4	A4	305	305	3	8	750	95	96	gün 
100	9	Sol4	G4	296	296	1	8	250	95	96	ba
101	9	Do5	C5	318	318	1	4	500	99	96	tar
102	9	Si4b2	B4b1	312	313	1	8	250	95	96	
103	9	Si4b2	B4b1	312	313	1	8	250	99	96	ken 
104	9	La4	A4	305	305	1	8	250	95	96	
105	9	Si4b2	B4b1	312	313	3	8	750	100	96	gel  
106	9	Si4b2	B4b1	312	313	2	8	500	95	96	
107	9	Sol4	G4	296	296	1	8	250	95	96	Sa
108	9	Sol4	G4	296	296	1	8	250	95	96	kın 
109	9	Sol4	G4	296	296	1	4	500	95	96	geç 
110	9	Do5	C5	318	318	1	4	500	95	96	kal
111	9	Do5	C5	318	318	1	8	250	95	96	ma 
112	9	Si4b2	B4b1	312	313	3	16	375	99	96	er
113	9	La4	A4	305	305	1	16	125	95	96	
114	9	Sol4	G4	296	296	1	4	500	95	96	ken 
115	9	Re5	D5	327	327	5	8	1250	100	96	gel  
116	9	Re5	D5	327	327	2	8	500	95	96	
117	9	Do5	C5	318	318	1	8	250	95	96	A
118	9	Do5	C5	318	318	1	8	250	95	96	man 
119	9	Si4b2	B4b1	312	313	1	8	250	99	96	geç 
120	9	La4	A4	305	305	1	8	250	95	96	
121	9	La4	A4	305	305	1	8	250	99	96	kal
122	9	Si4b2	B4b1	312	313	1	8	250	95	96	
123	9	Do5	C5	318	318	1	8	250	95	96	ma 
124	9	Si4b2	B4b1	312	313	3	16	375	99	96	er
125	9	La4	A4	305	305	1	16	125	95	96	
126	9	Sol4	G4	296	296	1	8	250	99	96	ken 
127	9	Si4b2	B4b1	312	313	1	16	125	99	96	
128	9	La4	A4	305	305	1	16	125	95	96	
129	9	La4	A4	305	305	1	4	500	95	96	gel  
130	9	Mi5	E5	336	336	1	16	125	95	96	SAZ
131	9	Fa5	F5	340	340	1	16	125	95	96	.
132	9	Mi5	E5	336	336	1	16	125	95	96	.
133	9	Re5	D5	327	327	1	16	125	95	96	.
134	9	Do5	C5	318	318	1	16	125	95	96	.
135	9	Re5	D5	327	327	1	16	125	95	96	.
136	9	Mi5	E5	336	336	1	4	500	95	96	.
137	9	Do5	C5	318	318	1	8	250	95	96	Ta
138	9	Re5	D5	327	327	1	8	250	95	96	ham
139	9	Mi5	E5	336	336	1	4	500	95	96	mül 
140	9	Mi5	E5	336	336	1	4	500	99	96	kal
141	9	Re5	D5	327	327	1	8	250	95	96	
142	9	Mi5	E5	336	336	1	8	250	95	96	ma
143	9	Fa5	F5	340	340	1	16	125	99	96	dı 
144	9	Sol5	G5	349	349	1	16	125	99	96	
145	9	Mi5	E5	336	336	1	8	250	99	96	
146	9	Re5	D5	327	327	1	8	250	95	96	
147	9	Re5	D5	327	327	1	8	250	99	96	ar
148	8	Fa5	F5	340	340	0	0	0	99	96	
149	9	Mi5	E5	336	336	1	16	125	99	96	
150	9	Re5	D5	327	327	1	16	125	95	96	
151	9	Re5	D5	327	327	3	8	750	100	96	tık  
152	9	Re5	D5	327	327	2	8	500	95	96	
153	9	Do5	C5	318	318	1	8	250	95	96	Ta
154	9	Re5	D5	327	327	1	8	250	95	96	ham
155	9	Mi5	E5	336	336	1	8	250	99	96	mül 
156	9	Fa5	F5	340	340	1	8	250	95	96	
157	9	La5	A5	358	358	1	16	125	99	96	kal
158	9	Sol5	G5	349	349	1	16	125	99	96	
159	9	Fa5	F5	340	340	1	16	125	99	96	
160	9	Mi5	E5	336	336	1	16	125	99	96	
161	9	Mi5	E5	336	336	1	8	250	95	96	
162	9	Re5	D5	327	327	1	8	250	95	96	ma
163	9	Re5	D5	327	327	1	4	500	99	96	dı 
164	9	Do5	C5	318	318	1	8	250	95	96	
165	9	Do5	C5	318	318	1	8	250	99	96	ar
166	9	Si4b2	B4b1	312	313	1	16	125	99	96	
167	9	La4	A4	305	305	1	16	125	95	96	
168	9	Si4b2	B4b1	312	313	3	8	750	100	96	tık  
169	9	Si4b2	B4b1	312	313	2	8	500	95	96	
170	9	Sol4	G4	296	296	1	8	250	95	96	Sa
171	9	Sol4	G4	296	296	1	8	250	95	96	kın 
172	9	Sol4	G4	296	296	1	4	500	95	96	geç 
173	9	Do5	C5	318	318	1	4	500	95	96	kal
174	9	Do5	C5	318	318	1	8	250	95	96	ma 
175	9	Si4b2	B4b1	312	313	3	16	375	99	96	er
176	9	La4	A4	305	305	1	16	125	95	96	
177	9	Sol4	G4	296	296	1	4	500	95	96	ken 
178	9	Re5	D5	327	327	5	8	1250	100	96	gel  
179	9	Re5	D5	327	327	2	8	500	95	96	
180	9	Do5	C5	318	318	1	8	250	95	96	A
181	9	Do5	C5	318	318	1	8	250	95	96	man 
182	9	Si4b2	B4b1	312	313	1	8	250	99	96	geç 
183	9	La4	A4	305	305	1	8	250	95	96	
184	9	La4	A4	305	305	1	8	250	99	96	kal
185	9	Si4b2	B4b1	312	313	1	8	250	95	96	
186	9	Do5	C5	318	318	1	8	250	95	96	ma 
187	9	Si4b2	B4b1	312	313	3	16	375	99	96	er
188	9	La4	A4	305	305	1	16	125	95	96	
189	9	Sol4	G4	296	296	1	8	250	99	96	ken 
190	9	Si4b2	B4b1	312	313	1	16	125	99	96	
191	9	La4	A4	305	305	1	16	125	95	96	
192	9	La4	A4	305	305	5	8	1250	95	96	gel  
193	9	Do5	C5	318	318	1	12	167	95	96	ARANAĞME 
194	9	Si4b2	B4b1	312	313	1	12	167	95	96	.
195	9	La4	A4	305	305	1	12	167	95	96	.
196	9	Sol4	G4	296	296	1	12	167	95	96	.
197	9	Fa4#3	F4#4	290	291	1	12	167	95	96	.
198	9	Mi4	E4	283	283	1	12	167	95	96	.
199	9	Re4	D4	274	274	1	4	500	95	96	.
200	9	Sol4	G4	296	296	1	8	250	95	96	.
201	9	Fa4#3	F4#4	290	291	1	8	250	95	96	.
202	9	Sol4	G4	296	296	1	8	250	95	96	.
203	9	La4	A4	305	305	3	4	1500	95	96	.
204	9	Sol4	G4	296	296	1	8	250	95	96	.
205	9	La4	A4	305	305	1	8	250	95	96	.
206	9	Si4b2	B4b1	312	313	1	8	250	95	96	.
207	9	Do5	C5	318	318	3	4	1500	95	96	.
208	9	Si4b2	B4b1	312	313	1	8	250	95	96	.
209	9	La4	A4	305	305	1	8	250	95	96	.
210	9	Sol4	G4	296	296	1	8	250	95	96	.
211	9	Re5	D5	327	327	3	4	1500	95	96	.
212	9	Do5	C5	318	318	1	8	250	95	96	.
213	9	Si4b2	B4b1	312	313	1	8	250	95	96	.
214	9	La4	A4	305	305	1	8	250	95	96	.
215	9	Si4b2	B4b1	312	313	1	16	125	95	96	.
216	9	Do5	C5	318	318	1	16	125	95	96	.
217	9	Si4b2	B4b1	312	313	1	16	125	95	96	.
218	9	La4	A4	305	305	1	16	125	95	96	.
219	9	Si4b2	B4b1	312	313	1	8	250	95	96	.
220	9	Do5	C5	318	318	1	8	250	95	96	.
221	9	Si4b2	B4b1	312	313	1	8	250	95	96	.
222	9	La4	A4	305	305	1	8	250	95	96	.
223	9	Sol4	G4	296	296	1	8	250	95	96	.
224	9	Fa4#3	F4#4	290	291	1	8	250	95	96	.
225	9	Sol4	G4	296	296	1	8	250	95	96	.
226	9	La4	A4	305	305	3	8	750	95	96	.
227	9	Do5	C5	318	318	1	8	250	95	96	.
228	9	Si4b2	B4b1	312	313	1	8	250	95	96	.
229	9	Do5	C5	318	318	1	8	250	95	96	.
230	9	La4	A4	305	305	3	8	750	67	96	.  
231	9	Do5	C5	318	318	1	12	167	95	96	ARANAĞME 
232	9	Si4b2	B4b1	312	313	1	12	167	95	96	.
233	9	La4	A4	305	305	1	12	167	95	96	.
234	9	Sol4	G4	296	296	1	12	167	95	96	.
235	9	Fa4#3	F4#4	290	291	1	12	167	95	96	.
236	9	Mi4	E4	283	283	1	12	167	95	96	.
237	9	Re4	D4	274	274	1	4	500	95	96	.
238	9	Sol4	G4	296	296	1	8	250	95	96	.
239	9	Fa4#3	F4#4	290	291	1	8	250	95	96	.
240	9	Sol4	G4	296	296	1	8	250	95	96	.
241	9	La4	A4	305	305	3	4	1500	95	96	.
242	9	Sol4	G4	296	296	1	8	250	95	96	.
243	9	La4	A4	305	305	1	8	250	95	96	.
244	9	Si4b2	B4b1	312	313	1	8	250	95	96	.
245	9	Do5	C5	318	318	3	4	1500	95	96	.
246	9	Si4b2	B4b1	312	313	1	8	250	95	96	.
247	9	La4	A4	305	305	1	8	250	95	96	.
248	9	Sol4	G4	296	296	1	8	250	95	96	.
249	9	Re5	D5	327	327	3	4	1500	95	96	.
250	9	Do5	C5	318	318	1	8	250	95	96	.
251	9	Si4b2	B4b1	312	313	1	8	250	95	96	.
252	9	La4	A4	305	305	1	8	250	95	96	.
253	9	Si4b2	B4b1	312	313	1	16	125	95	96	.
254	9	Do5	C5	318	318	1	16	125	95	96	.
255	9	Si4b2	B4b1	312	313	1	16	125	95	96	.
256	9	La4	A4	305	305	1	16	125	95	96	.
257	9	Si4b2	B4b1	312	313	1	8	250	95	96	.
258	9	Do5	C5	318	318	1	8	250	95	96	.
259	9	Si4b2	B4b1	312	313	1	8	250	95	96	.
260	9	La4	A4	305	305	1	8	250	95	96	.
261	9	Sol4	G4	296	296	1	8	250	95	96	.
262	9	Fa4#3	F4#4	290	291	1	8	250	95	96	.
263	9	Sol4	G4	296	296	1	8	250	95	96	.
264	9	La4	A4	305	305	3	8	750	95	96	.
265	9	Do5	C5	318	318	1	8	250	95	96	.
266	9	Si4b2	B4b1	312	313	1	8	250	95	96	.
267	9	Do5	C5	318	318	1	8	250	95	96	.
268	9	La4	A4	305	305	3	8	750	67	96	.  
269	9	Sol4	G4	296	296	1	8	250	95	96	Ce
270	9	Sol4	G4	296	296	1	4	500	99	96	fâ 
271	9	La4	A4	305	305	1	8	250	95	96	
272	9	La4	A4	305	305	1	4	500	95	96	et
273	9	La4	A4	305	305	3	8	750	95	96	me 
274	9	La4	A4	305	305	1	8	250	95	96	ba
275	9	Do5	C5	318	318	1	8	250	99	96	na 
276	9	Si4b2	B4b1	312	313	1	8	250	99	96	
277	9	La4	A4	305	305	1	8	250	95	96	
278	9	La4	A4	305	305	1	16	125	99	96	mâ
279	9	Sol4	G4	296	296	1	16	125	95	96	
280	9	La4	A4	305	305	1	16	125	99	96	hım  
281	9	Si4b2	B4b1	312	313	1	16	125	99	96	
282	9	La4	A4	305	305	1	16	125	99	96	
283	9	Sol4	G4	296	296	1	16	125	99	96	
284	9	Fa4#3	F4#4	290	291	1	16	125	99	96	
285	9	Mi4	E4	283	283	1	16	125	99	96	
286	9	Re4	D4	274	274	1	8	250	95	96	
287	9	Sol4	G4	296	296	1	8	250	95	96	Ce
288	9	Sol4	G4	296	296	1	4	500	99	96	fâ 
289	9	La4	A4	305	305	1	8	250	95	96	
290	9	La4	A4	305	305	1	4	500	95	96	et
291	9	La4	A4	305	305	3	8	750	95	96	me 
292	9	Sol4	G4	296	296	1	8	250	95	96	ba
293	9	Do5	C5	318	318	1	4	500	99	96	na 
294	9	Si4b2	B4b1	312	313	1	8	250	95	96	
295	9	Si4b2	B4b1	312	313	1	8	250	99	96	mâ
296	9	La4	A4	305	305	1	8	250	95	96	
297	9	Si4b2	B4b1	312	313	3	8	750	100	96	hım  
298	9	Si4b2	B4b1	312	313	2	8	500	95	96	
299	9	Sol4	G4	296	296	1	8	250	95	96	Son
300	9	Sol4	G4	296	296	1	8	250	95	96	ra 
301	9	Sol4	G4	296	296	1	4	500	95	96	tu
302	9	Do5	C5	318	318	1	4	500	95	96	tar 
303	9	Do5	C5	318	318	1	8	250	95	96	be
304	9	Si4b2	B4b1	312	313	3	16	375	99	96	nim 
305	9	La4	A4	305	305	1	16	125	95	96	
306	9	Sol4	G4	296	296	1	4	500	95	96	â
307	9	Re5	D5	327	327	5	8	1250	100	96	hım  
308	9	Re5	D5	327	327	2	8	500	95	96	
309	9	Do5	C5	318	318	1	8	250	95	96	Son
310	9	Do5	C5	318	318	1	8	250	95	96	ra 
311	9	Si4b2	B4b1	312	313	1	8	250	99	96	tu
312	9	La4	A4	305	305	1	8	250	95	96	
313	9	La4	A4	305	305	1	8	250	99	96	tar 
314	9	Si4b2	B4b1	312	313	1	8	250	95	96	
315	9	Do5	C5	318	318	1	8	250	95	96	be
316	9	Si4b2	B4b1	312	313	3	16	375	99	96	nim 
317	9	La4	A4	305	305	1	16	125	95	96	
318	9	Sol4	G4	296	296	1	8	250	99	96	â
319	9	Si4b2	B4b1	312	313	1	16	125	99	96	
320	9	La4	A4	305	305	1	16	125	95	96	
321	9	La4	A4	305	305	1	4	500	95	96	hım  
322	9	Mi5	E5	336	336	1	16	125	95	96	SAZ
323	9	Fa5	F5	340	340	1	16	125	95	96	.
324	9	Mi5	E5	336	336	1	16	125	95	96	.
325	9	Re5	D5	327	327	1	16	125	95	96	.
326	9	Do5	C5	318	318	1	16	125	95	96	.
327	9	Re5	D5	327	327	1	16	125	95	96	.
328	9	Mi5	E5	336	336	1	4	500	95	96	.
329	9	Do5	C5	318	318	1	8	250	95	96	Üz
330	9	Re5	D5	327	327	1	8	250	95	96	me 
331	9	Mi5	E5	336	336	1	4	500	95	96	be
332	9	Mi5	E5	336	336	1	4	500	99	96	ni 
333	9	Re5	D5	327	327	1	8	250	95	96	
334	9	Mi5	E5	336	336	1	8	250	95	96	şi
335	9	Fa5	F5	340	340	1	16	125	99	96	
336	9	Sol5	G5	349	349	1	16	125	99	96	
337	9	Mi5	E5	336	336	1	8	250	99	96	
338	9	Re5	D5	327	327	1	8	250	95	96	ve
339	9	Re5	D5	327	327	1	8	250	99	96	kâ
340	8	Fa5	F5	340	340	0	0	0	99	96	
341	9	Mi5	E5	336	336	1	16	125	99	96	
342	9	Re5	D5	327	327	1	16	125	95	96	
343	9	Re5	D5	327	327	3	8	750	100	96	rım  
344	9	Re5	D5	327	327	2	8	500	95	96	
345	9	Do5	C5	318	318	1	8	250	95	96	Üz
346	9	Re5	D5	327	327	1	8	250	95	96	me 
347	9	Mi5	E5	336	336	1	8	250	99	96	be
348	9	Fa5	F5	340	340	1	8	250	95	96	
349	9	La5	A5	358	358	1	16	125	99	96	ni 
350	9	Sol5	G5	349	349	1	16	125	99	96	
351	9	Fa5	F5	340	340	1	16	125	99	96	
352	9	Mi5	E5	336	336	1	16	125	99	96	
353	9	Mi5	E5	336	336	1	8	250	95	96	
354	9	Re5	D5	327	327	1	8	250	95	96	şi
355	9	Re5	D5	327	327	1	4	500	99	96	
356	9	Do5	C5	318	318	1	8	250	95	96	ve
357	9	Do5	C5	318	318	1	8	250	99	96	kâ
358	9	Si4b2	B4b1	312	313	1	16	125	99	96	
359	9	La4	A4	305	305	1	16	125	95	96	
360	9	Si4b2	B4b1	312	313	3	8	750	100	96	rım  
361	9	Si4b2	B4b1	312	313	2	8	500	95	96	
362	9	Sol4	G4	296	296	1	8	250	95	96	A
363	9	Sol4	G4	296	296	1	8	250	95	96	man 
364	9	Sol4	G4	296	296	1	4	500	95	96	geç 
365	9	Do5	C5	318	318	1	4	500	95	96	kal
366	9	Do5	C5	318	318	1	8	250	95	96	ma 
367	9	Si4b2	B4b1	312	313	3	16	375	99	96	er
368	9	La4	A4	305	305	1	16	125	95	96	
369	9	Sol4	G4	296	296	1	4	500	95	96	ken 
370	9	Re5	D5	327	327	5	8	1250	100	96	gel  
371	9	Re5	D5	327	327	2	8	500	95	96	
372	9	Do5	C5	318	318	1	8	250	95	96	Sa
373	9	Do5	C5	318	318	1	8	250	95	96	kın 
374	9	Si4b2	B4b1	312	313	1	8	250	99	96	geç 
375	9	La4	A4	305	305	1	8	250	95	96	
376	9	La4	A4	305	305	1	8	250	99	96	kal
377	9	Si4b2	B4b1	312	313	1	8	250	95	96	
378	9	Do5	C5	318	318	1	8	250	95	96	ma 
379	9	Si4b2	B4b1	312	313	3	16	375	99	96	er
380	9	La4	A4	305	305	1	16	125	95	96	
381	9	Sol4	G4	296	296	1	8	250	99	96	ken 
382	9	Si4b2	B4b1	312	313	1	16	125	99	96	
383	9	La4	A4	305	305	1	16	125	95	96	
384	9	La4	A4	305	305	5	8	1250	95	96	gel  
